-5.000000e-02, -0.006250
-4.995000e-02, -0.037500
-4.990000e-02, -0.037500
-4.985000e-02, -0.037500
-4.980000e-02, -0.037500
-4.975000e-02, -0.006250
-4.970000e-02, -0.006250
-4.965000e-02, -0.037500
-4.960000e-02, -0.006250
-4.955000e-02, -0.037500
-4.950000e-02, -0.037500
-4.945000e-02, -0.037500
-4.940000e-02, -0.006250
-4.935000e-02, -0.037500
-4.930000e-02, -0.037500
-4.925000e-02, -0.037500
-4.920000e-02, -0.037500
-4.915000e-02, -0.037500
-4.910000e-02, -0.037500
-4.905000e-02, -0.006250
-4.900000e-02, -0.037500
-4.895000e-02, -0.037500
-4.890000e-02, -0.037500
-4.885000e-02, -0.068750
-4.880000e-02, -0.006250
-4.875000e-02, -0.037500
-4.870000e-02, -0.006250
-4.865000e-02, -0.037500
-4.860000e-02, -0.037500
-4.855000e-02, -0.006250
-4.850000e-02, -0.037500
-4.845000e-02, -0.006250
-4.840000e-02, -0.006250
-4.835000e-02, -0.006250
-4.830000e-02, -0.006250
-4.825000e-02, -0.037500
-4.820000e-02, -0.068750
-4.815000e-02, -0.037500
-4.810000e-02, -0.006250
-4.805000e-02, -0.006250
-4.800000e-02, -0.037500
-4.795000e-02, -0.006250
-4.790000e-02, -0.006250
-4.785000e-02, -0.006250
-4.780000e-02, -0.006250
-4.775000e-02, -0.068750
-4.770000e-02, -0.037500
-4.765000e-02, -0.037500
-4.760000e-02, -0.068750
-4.755000e-02, -0.006250
-4.750000e-02, -0.006250
-4.745000e-02, -0.037500
-4.740000e-02, -0.037500
-4.735000e-02, -0.037500
-4.730000e-02, -0.037500
-4.725000e-02, -0.037500
-4.720000e-02, -0.006250
-4.715000e-02, -0.006250
-4.710000e-02, -0.037500
-4.705000e-02, 0.025000
-4.700000e-02, -0.037500
-4.695000e-02, -0.006250
-4.690000e-02, -0.006250
-4.685000e-02, -0.006250
-4.680000e-02, -0.037500
-4.675000e-02, -0.006250
-4.670000e-02, -0.037500
-4.665000e-02, -0.037500
-4.660000e-02, -0.006250
-4.655000e-02, -0.006250
-4.650000e-02, -0.037500
-4.645000e-02, -0.037500
-4.640000e-02, -0.037500
-4.635000e-02, -0.037500
-4.630000e-02, -0.037500
-4.625000e-02, -0.006250
-4.620000e-02, -0.037500
-4.615000e-02, -0.006250
-4.610000e-02, -0.037500
-4.605000e-02, -0.006250
-4.600000e-02, -0.037500
-4.595000e-02, -0.037500
-4.590000e-02, -0.037500
-4.585000e-02, -0.037500
-4.580000e-02, -0.037500
-4.575000e-02, -0.006250
-4.570000e-02, -0.037500
-4.565000e-02, -0.037500
-4.560000e-02, -0.037500
-4.555000e-02, -0.037500
-4.550000e-02, -0.037500
-4.545000e-02, -0.037500
-4.540000e-02, -0.037500
-4.535000e-02, -0.037500
-4.530000e-02, -0.006250
-4.525000e-02, -0.006250
-4.520000e-02, -0.006250
-4.515000e-02, -0.037500
-4.510000e-02, -0.006250
-4.505000e-02, -0.006250
-4.500000e-02, -0.037500
-4.495000e-02, -0.006250
-4.490000e-02, -0.037500
-4.485000e-02, -0.006250
-4.480000e-02, -0.068750
-4.475000e-02, -0.006250
-4.470000e-02, -0.006250
-4.465000e-02, -0.037500
-4.460000e-02, -0.037500
-4.455000e-02, -0.006250
-4.450000e-02, -0.006250
-4.445000e-02, -0.037500
-4.440000e-02, -0.037500
-4.435000e-02, -0.006250
-4.430000e-02, -0.006250
-4.425000e-02, -0.037500
-4.420000e-02, -0.037500
-4.415000e-02, -0.037500
-4.410000e-02, -0.037500
-4.405000e-02, -0.037500
-4.400000e-02, -0.037500
-4.395000e-02, 0.025000
-4.390000e-02, -0.006250
-4.385000e-02, -0.006250
-4.380000e-02, -0.006250
-4.375000e-02, -0.068750
-4.370000e-02, -0.037500
-4.365000e-02, -0.037500
-4.360000e-02, -0.037500
-4.355000e-02, -0.037500
-4.350000e-02, -0.037500
-4.345000e-02, -0.006250
-4.340000e-02, 0.025000
-4.335000e-02, 0.025000
-4.330000e-02, -0.006250
-4.325000e-02, -0.037500
-4.320000e-02, -0.037500
-4.315000e-02, -0.037500
-4.310000e-02, -0.037500
-4.305000e-02, -0.037500
-4.300000e-02, -0.006250
-4.295000e-02, -0.006250
-4.290000e-02, -0.037500
-4.285000e-02, -0.037500
-4.280000e-02, -0.037500
-4.275000e-02, -0.006250
-4.270000e-02, -0.037500
-4.265000e-02, -0.037500
-4.260000e-02, -0.006250
-4.255000e-02, -0.037500
-4.250000e-02, -0.037500
-4.245000e-02, -0.037500
-4.240000e-02, -0.006250
-4.235000e-02, -0.006250
-4.230000e-02, -0.037500
-4.225000e-02, -0.037500
-4.220000e-02, -0.006250
-4.215000e-02, -0.006250
-4.210000e-02, -0.037500
-4.205000e-02, -0.006250
-4.200000e-02, 0.025000
-4.195000e-02, -0.037500
-4.190000e-02, -0.006250
-4.185000e-02, -0.037500
-4.180000e-02, -0.037500
-4.175000e-02, 0.025000
-4.170000e-02, -0.006250
-4.165000e-02, -0.006250
-4.160000e-02, -0.006250
-4.155000e-02, -0.006250
-4.150000e-02, -0.006250
-4.145000e-02, -0.006250
-4.140000e-02, -0.037500
-4.135000e-02, -0.006250
-4.130000e-02, -0.068750
-4.125000e-02, -0.037500
-4.120000e-02, -0.037500
-4.115000e-02, -0.006250
-4.110000e-02, -0.037500
-4.105000e-02, -0.037500
-4.100000e-02, -0.006250
-4.095000e-02, -0.006250
-4.090000e-02, -0.006250
-4.085000e-02, -0.037500
-4.080000e-02, -0.006250
-4.075000e-02, -0.037500
-4.070000e-02, -0.037500
-4.065000e-02, -0.006250
-4.060000e-02, -0.006250
-4.055000e-02, -0.006250
-4.050000e-02, -0.068750
-4.045000e-02, -0.037500
-4.040000e-02, -0.006250
-4.035000e-02, -0.037500
-4.030000e-02, -0.006250
-4.025000e-02, -0.006250
-4.020000e-02, -0.037500
-4.015000e-02, -0.006250
-4.010000e-02, -0.006250
-4.005000e-02, -0.068750
-4.000000e-02, -0.006250
-3.995000e-02, -0.037500
-3.990000e-02, -0.037500
-3.985000e-02, -0.006250
-3.980000e-02, -0.006250
-3.975000e-02, -0.006250
-3.970000e-02, -0.006250
-3.965000e-02, -0.006250
-3.960000e-02, -0.037500
-3.955000e-02, -0.037500
-3.950000e-02, -0.006250
-3.945000e-02, -0.037500
-3.940000e-02, -0.037500
-3.935000e-02, -0.006250
-3.930000e-02, -0.037500
-3.925000e-02, -0.037500
-3.920000e-02, -0.037500
-3.915000e-02, -0.037500
-3.910000e-02, -0.006250
-3.905000e-02, -0.006250
-3.900000e-02, -0.006250
-3.895000e-02, -0.037500
-3.890000e-02, -0.006250
-3.885000e-02, -0.006250
-3.880000e-02, -0.037500
-3.875000e-02, -0.037500
-3.870000e-02, -0.006250
-3.865000e-02, -0.006250
-3.860000e-02, -0.006250
-3.855000e-02, -0.037500
-3.850000e-02, -0.037500
-3.845000e-02, -0.068750
-3.840000e-02, -0.068750
-3.835000e-02, -0.006250
-3.830000e-02, -0.037500
-3.825000e-02, -0.006250
-3.820000e-02, -0.037500
-3.815000e-02, -0.006250
-3.810000e-02, -0.006250
-3.805000e-02, -0.006250
-3.800000e-02, -0.006250
-3.795000e-02, -0.068750
-3.790000e-02, -0.037500
-3.785000e-02, -0.006250
-3.780000e-02, -0.006250
-3.775000e-02, -0.037500
-3.770000e-02, -0.006250
-3.765000e-02, -0.037500
-3.760000e-02, -0.037500
-3.755000e-02, -0.037500
-3.750000e-02, -0.006250
-3.745000e-02, -0.006250
-3.740000e-02, -0.037500
-3.735000e-02, -0.068750
-3.730000e-02, -0.037500
-3.725000e-02, -0.037500
-3.720000e-02, -0.006250
-3.715000e-02, -0.006250
-3.710000e-02, -0.006250
-3.705000e-02, -0.006250
-3.700000e-02, -0.006250
-3.695000e-02, -0.037500
-3.690000e-02, -0.037500
-3.685000e-02, -0.037500
-3.680000e-02, -0.006250
-3.675000e-02, -0.037500
-3.670000e-02, -0.006250
-3.665000e-02, -0.037500
-3.660000e-02, -0.037500
-3.655000e-02, -0.037500
-3.650000e-02, -0.037500
-3.645000e-02, -0.037500
-3.640000e-02, -0.037500
-3.635000e-02, -0.037500
-3.630000e-02, -0.037500
-3.625000e-02, -0.006250
-3.620000e-02, -0.006250
-3.615000e-02, -0.006250
-3.610000e-02, -0.037500
-3.605000e-02, -0.037500
-3.600000e-02, -0.006250
-3.595000e-02, -0.037500
-3.590000e-02, -0.037500
-3.585000e-02, -0.037500
-3.580000e-02, -0.006250
-3.575000e-02, -0.006250
-3.570000e-02, -0.068750
-3.565000e-02, -0.006250
-3.560000e-02, -0.068750
-3.555000e-02, -0.006250
-3.550000e-02, -0.006250
-3.545000e-02, -0.037500
-3.540000e-02, -0.006250
-3.535000e-02, -0.037500
-3.530000e-02, -0.037500
-3.525000e-02, -0.068750
-3.520000e-02, -0.037500
-3.515000e-02, -0.006250
-3.510000e-02, -0.037500
-3.505000e-02, -0.006250
-3.500000e-02, -0.037500
-3.495000e-02, -0.037500
-3.490000e-02, -0.037500
-3.485000e-02, -0.037500
-3.480000e-02, -0.037500
-3.475000e-02, -0.006250
-3.470000e-02, -0.037500
-3.465000e-02, -0.037500
-3.460000e-02, 0.025000
-3.455000e-02, -0.006250
-3.450000e-02, -0.037500
-3.445000e-02, -0.037500
-3.440000e-02, -0.037500
-3.435000e-02, -0.006250
-3.430000e-02, -0.006250
-3.425000e-02, -0.006250
-3.420000e-02, -0.006250
-3.415000e-02, -0.006250
-3.410000e-02, -0.006250
-3.405000e-02, -0.006250
-3.400000e-02, -0.006250
-3.395000e-02, -0.006250
-3.390000e-02, -0.006250
-3.385000e-02, -0.006250
-3.380000e-02, -0.037500
-3.375000e-02, -0.037500
-3.370000e-02, -0.006250
-3.365000e-02, -0.037500
-3.360000e-02, -0.037500
-3.355000e-02, -0.037500
-3.350000e-02, -0.037500
-3.345000e-02, -0.006250
-3.340000e-02, -0.037500
-3.335000e-02, -0.037500
-3.330000e-02, -0.006250
-3.325000e-02, -0.006250
-3.320000e-02, -0.006250
-3.315000e-02, -0.006250
-3.310000e-02, -0.006250
-3.305000e-02, -0.037500
-3.300000e-02, -0.006250
-3.295000e-02, -0.037500
-3.290000e-02, -0.006250
-3.285000e-02, -0.037500
-3.280000e-02, -0.006250
-3.275000e-02, -0.037500
-3.270000e-02, -0.037500
-3.265000e-02, -0.037500
-3.260000e-02, -0.006250
-3.255000e-02, -0.006250
-3.250000e-02, -0.037500
-3.245000e-02, 0.025000
-3.240000e-02, 0.025000
-3.235000e-02, -0.037500
-3.230000e-02, -0.037500
-3.225000e-02, -0.037500
-3.220000e-02, -0.037500
-3.215000e-02, -0.037500
-3.210000e-02, 0.025000
-3.205000e-02, -0.006250
-3.200000e-02, -0.006250
-3.195000e-02, -0.037500
-3.190000e-02, -0.068750
-3.185000e-02, -0.037500
-3.180000e-02, -0.006250
-3.175000e-02, -0.037500
-3.170000e-02, -0.006250
-3.165000e-02, -0.037500
-3.160000e-02, -0.037500
-3.155000e-02, -0.006250
-3.150000e-02, -0.037500
-3.145000e-02, -0.037500
-3.140000e-02, -0.006250
-3.135000e-02, -0.037500
-3.130000e-02, -0.037500
-3.125000e-02, -0.006250
-3.120000e-02, -0.006250
-3.115000e-02, -0.068750
-3.110000e-02, -0.006250
-3.105000e-02, -0.037500
-3.100000e-02, -0.006250
-3.095000e-02, -0.037500
-3.090000e-02, -0.006250
-3.085000e-02, -0.006250
-3.080000e-02, -0.006250
-3.075000e-02, -0.006250
-3.070000e-02, -0.006250
-3.065000e-02, -0.006250
-3.060000e-02, -0.037500
-3.055000e-02, -0.037500
-3.050000e-02, -0.037500
-3.045000e-02, -0.006250
-3.040000e-02, -0.006250
-3.035000e-02, -0.006250
-3.030000e-02, -0.006250
-3.025000e-02, -0.037500
-3.020000e-02, -0.037500
-3.015000e-02, -0.037500
-3.010000e-02, -0.006250
-3.005000e-02, -0.037500
-3.000000e-02, -0.037500
-2.995000e-02, -0.037500
-2.990000e-02, -0.037500
-2.985000e-02, -0.037500
-2.980000e-02, -0.006250
-2.975000e-02, -0.068750
-2.970000e-02, -0.006250
-2.965000e-02, -0.006250
-2.960000e-02, -0.037500
-2.955000e-02, -0.006250
-2.950000e-02, -0.006250
-2.945000e-02, -0.006250
-2.940000e-02, -0.006250
-2.935000e-02, -0.006250
-2.930000e-02, -0.006250
-2.925000e-02, -0.037500
-2.920000e-02, -0.006250
-2.915000e-02, -0.006250
-2.910000e-02, -0.037500
-2.905000e-02, -0.006250
-2.900000e-02, -0.037500
-2.895000e-02, -0.037500
-2.890000e-02, -0.037500
-2.885000e-02, -0.037500
-2.880000e-02, -0.037500
-2.875000e-02, -0.006250
-2.870000e-02, -0.037500
-2.865000e-02, -0.006250
-2.860000e-02, -0.037500
-2.855000e-02, -0.006250
-2.850000e-02, -0.006250
-2.845000e-02, -0.006250
-2.840000e-02, -0.037500
-2.835000e-02, -0.006250
-2.830000e-02, -0.006250
-2.825000e-02, -0.037500
-2.820000e-02, -0.037500
-2.815000e-02, -0.037500
-2.810000e-02, -0.037500
-2.805000e-02, 0.025000
-2.800000e-02, -0.037500
-2.795000e-02, -0.006250
-2.790000e-02, -0.037500
-2.785000e-02, -0.006250
-2.780000e-02, -0.037500
-2.775000e-02, -0.006250
-2.770000e-02, -0.006250
-2.765000e-02, -0.006250
-2.760000e-02, -0.006250
-2.755000e-02, -0.037500
-2.750000e-02, -0.006250
-2.745000e-02, -0.037500
-2.740000e-02, -0.037500
-2.735000e-02, -0.037500
-2.730000e-02, -0.037500
-2.725000e-02, -0.068750
-2.720000e-02, -0.037500
-2.715000e-02, -0.037500
-2.710000e-02, -0.068750
-2.705000e-02, -0.006250
-2.700000e-02, -0.068750
-2.695000e-02, -0.037500
-2.690000e-02, -0.006250
-2.685000e-02, -0.037500
-2.680000e-02, -0.037500
-2.675000e-02, -0.006250
-2.670000e-02, -0.068750
-2.665000e-02, -0.037500
-2.660000e-02, -0.006250
-2.655000e-02, -0.037500
-2.650000e-02, -0.037500
-2.645000e-02, -0.037500
-2.640000e-02, -0.006250
-2.635000e-02, -0.006250
-2.630000e-02, -0.006250
-2.625000e-02, -0.006250
-2.620000e-02, -0.006250
-2.615000e-02, -0.037500
-2.610000e-02, 0.025000
-2.605000e-02, -0.037500
-2.600000e-02, -0.006250
-2.595000e-02, -0.006250
-2.590000e-02, -0.037500
-2.585000e-02, -0.037500
-2.580000e-02, -0.037500
-2.575000e-02, -0.006250
-2.570000e-02, -0.006250
-2.565000e-02, -0.037500
-2.560000e-02, -0.037500
-2.555000e-02, -0.006250
-2.550000e-02, -0.037500
-2.545000e-02, -0.037500
-2.540000e-02, -0.037500
-2.535000e-02, -0.068750
-2.530000e-02, -0.006250
-2.525000e-02, -0.006250
-2.520000e-02, -0.006250
-2.515000e-02, -0.037500
-2.510000e-02, -0.006250
-2.505000e-02, -0.037500
-2.500000e-02, -0.006250
-2.495000e-02, -0.006250
-2.490000e-02, -0.037500
-2.485000e-02, -0.037500
-2.480000e-02, -0.006250
-2.475000e-02, -0.037500
-2.470000e-02, -0.006250
-2.465000e-02, -0.037500
-2.460000e-02, -0.037500
-2.455000e-02, -0.037500
-2.450000e-02, -0.037500
-2.445000e-02, -0.006250
-2.440000e-02, -0.037500
-2.435000e-02, -0.037500
-2.430000e-02, -0.006250
-2.425000e-02, -0.006250
-2.420000e-02, -0.068750
-2.415000e-02, -0.037500
-2.410000e-02, -0.037500
-2.405000e-02, -0.006250
-2.400000e-02, -0.006250
-2.395000e-02, -0.037500
-2.390000e-02, -0.006250
-2.385000e-02, -0.006250
-2.380000e-02, -0.037500
-2.375000e-02, -0.006250
-2.370000e-02, 0.025000
-2.365000e-02, -0.037500
-2.360000e-02, -0.037500
-2.355000e-02, -0.006250
-2.350000e-02, -0.006250
-2.345000e-02, -0.037500
-2.340000e-02, -0.037500
-2.335000e-02, -0.037500
-2.330000e-02, -0.037500
-2.325000e-02, -0.037500
-2.320000e-02, -0.006250
-2.315000e-02, -0.037500
-2.310000e-02, -0.006250
-2.305000e-02, -0.006250
-2.300000e-02, -0.006250
-2.295000e-02, -0.006250
-2.290000e-02, -0.068750
-2.285000e-02, -0.006250
-2.280000e-02, -0.006250
-2.275000e-02, -0.006250
-2.270000e-02, -0.006250
-2.265000e-02, -0.006250
-2.260000e-02, -0.037500
-2.255000e-02, -0.006250
-2.250000e-02, -0.006250
-2.245000e-02, -0.006250
-2.240000e-02, -0.037500
-2.235000e-02, -0.006250
-2.230000e-02, -0.037500
-2.225000e-02, -0.068750
-2.220000e-02, -0.037500
-2.215000e-02, -0.006250
-2.210000e-02, -0.037500
-2.205000e-02, -0.037500
-2.200000e-02, -0.006250
-2.195000e-02, -0.037500
-2.190000e-02, -0.006250
-2.185000e-02, -0.006250
-2.180000e-02, -0.006250
-2.175000e-02, -0.037500
-2.170000e-02, -0.037500
-2.165000e-02, -0.037500
-2.160000e-02, -0.006250
-2.155000e-02, -0.037500
-2.150000e-02, -0.037500
-2.145000e-02, -0.006250
-2.140000e-02, -0.037500
-2.135000e-02, -0.037500
-2.130000e-02, -0.068750
-2.125000e-02, -0.006250
-2.120000e-02, -0.006250
-2.115000e-02, -0.037500
-2.110000e-02, -0.006250
-2.105000e-02, -0.037500
-2.100000e-02, -0.006250
-2.095000e-02, -0.006250
-2.090000e-02, -0.006250
-2.085000e-02, -0.006250
-2.080000e-02, -0.037500
-2.075000e-02, -0.006250
-2.070000e-02, -0.006250
-2.065000e-02, -0.006250
-2.060000e-02, -0.037500
-2.055000e-02, -0.037500
-2.050000e-02, -0.037500
-2.045000e-02, -0.037500
-2.040000e-02, -0.037500
-2.035000e-02, -0.006250
-2.030000e-02, -0.037500
-2.025000e-02, -0.037500
-2.020000e-02, -0.006250
-2.015000e-02, -0.006250
-2.010000e-02, -0.037500
-2.005000e-02, -0.037500
-2.000000e-02, -0.006250
-1.995000e-02, -0.006250
-1.990000e-02, -0.037500
-1.985000e-02, -0.068750
-1.980000e-02, -0.006250
-1.975000e-02, -0.037500
-1.970000e-02, -0.006250
-1.965000e-02, -0.006250
-1.960000e-02, -0.006250
-1.955000e-02, -0.037500
-1.950000e-02, -0.006250
-1.945000e-02, -0.006250
-1.940000e-02, -0.037500
-1.935000e-02, -0.037500
-1.930000e-02, -0.006250
-1.925000e-02, -0.037500
-1.920000e-02, -0.037500
-1.915000e-02, -0.037500
-1.910000e-02, -0.006250
-1.905000e-02, -0.068750
-1.900000e-02, -0.006250
-1.895000e-02, -0.037500
-1.890000e-02, -0.006250
-1.885000e-02, -0.006250
-1.880000e-02, -0.006250
-1.875000e-02, -0.037500
-1.870000e-02, -0.006250
-1.865000e-02, -0.037500
-1.860000e-02, -0.068750
-1.855000e-02, -0.006250
-1.850000e-02, -0.037500
-1.845000e-02, -0.037500
-1.840000e-02, -0.006250
-1.835000e-02, -0.037500
-1.830000e-02, 0.025000
-1.825000e-02, -0.006250
-1.820000e-02, -0.037500
-1.815000e-02, 0.025000
-1.810000e-02, -0.037500
-1.805000e-02, -0.006250
-1.800000e-02, -0.006250
-1.795000e-02, -0.006250
-1.790000e-02, 0.025000
-1.785000e-02, -0.006250
-1.780000e-02, -0.037500
-1.775000e-02, -0.037500
-1.770000e-02, -0.006250
-1.765000e-02, -0.006250
-1.760000e-02, -0.037500
-1.755000e-02, -0.037500
-1.750000e-02, -0.006250
-1.745000e-02, -0.006250
-1.740000e-02, -0.037500
-1.735000e-02, -0.037500
-1.730000e-02, -0.037500
-1.725000e-02, -0.006250
-1.720000e-02, -0.006250
-1.715000e-02, -0.006250
-1.710000e-02, -0.006250
-1.705000e-02, -0.037500
-1.700000e-02, -0.037500
-1.695000e-02, -0.037500
-1.690000e-02, -0.006250
-1.685000e-02, 0.025000
-1.680000e-02, -0.006250
-1.675000e-02, -0.037500
-1.670000e-02, -0.006250
-1.665000e-02, -0.037500
-1.660000e-02, -0.037500
-1.655000e-02, -0.037500
-1.650000e-02, -0.037500
-1.645000e-02, -0.006250
-1.640000e-02, -0.037500
-1.635000e-02, -0.006250
-1.630000e-02, -0.006250
-1.625000e-02, -0.006250
-1.620000e-02, -0.006250
-1.615000e-02, -0.037500
-1.610000e-02, -0.037500
-1.605000e-02, -0.006250
-1.600000e-02, -0.037500
-1.595000e-02, -0.037500
-1.590000e-02, -0.006250
-1.585000e-02, -0.006250
-1.580000e-02, -0.006250
-1.575000e-02, -0.006250
-1.570000e-02, -0.006250
-1.565000e-02, -0.006250
-1.560000e-02, -0.006250
-1.555000e-02, -0.006250
-1.550000e-02, -0.006250
-1.545000e-02, -0.068750
-1.540000e-02, -0.037500
-1.535000e-02, -0.037500
-1.530000e-02, -0.037500
-1.525000e-02, -0.006250
-1.520000e-02, -0.037500
-1.515000e-02, -0.006250
-1.510000e-02, -0.037500
-1.505000e-02, -0.037500
-1.500000e-02, -0.006250
-1.495000e-02, -0.006250
-1.490000e-02, -0.006250
-1.485000e-02, -0.037500
-1.480000e-02, -0.006250
-1.475000e-02, -0.037500
-1.470000e-02, -0.037500
-1.465000e-02, -0.006250
-1.460000e-02, -0.006250
-1.455000e-02, -0.006250
-1.450000e-02, -0.037500
-1.445000e-02, -0.006250
-1.440000e-02, -0.006250
-1.435000e-02, -0.006250
-1.430000e-02, -0.006250
-1.425000e-02, -0.006250
-1.420000e-02, -0.037500
-1.415000e-02, -0.037500
-1.410000e-02, -0.006250
-1.405000e-02, -0.037500
-1.400000e-02, -0.037500
-1.395000e-02, -0.068750
-1.390000e-02, -0.037500
-1.385000e-02, -0.037500
-1.380000e-02, -0.006250
-1.375000e-02, -0.037500
-1.370000e-02, 0.025000
-1.365000e-02, 0.025000
-1.360000e-02, -0.037500
-1.355000e-02, -0.006250
-1.350000e-02, -0.006250
-1.345000e-02, -0.006250
-1.340000e-02, -0.037500
-1.335000e-02, -0.068750
-1.330000e-02, -0.006250
-1.325000e-02, -0.006250
-1.320000e-02, -0.006250
-1.315000e-02, -0.037500
-1.310000e-02, -0.037500
-1.305000e-02, -0.037500
-1.300000e-02, -0.006250
-1.295000e-02, -0.037500
-1.290000e-02, -0.068750
-1.285000e-02, -0.006250
-1.280000e-02, -0.006250
-1.275000e-02, -0.037500
-1.270000e-02, -0.006250
-1.265000e-02, -0.037500
-1.260000e-02, -0.006250
-1.255000e-02, -0.037500
-1.250000e-02, -0.037500
-1.245000e-02, -0.037500
-1.240000e-02, -0.037500
-1.235000e-02, -0.006250
-1.230000e-02, -0.037500
-1.225000e-02, -0.006250
-1.220000e-02, -0.037500
-1.215000e-02, -0.006250
-1.210000e-02, -0.006250
-1.205000e-02, -0.006250
-1.200000e-02, -0.006250
-1.195000e-02, -0.037500
-1.190000e-02, -0.037500
-1.185000e-02, -0.037500
-1.180000e-02, -0.006250
-1.175000e-02, -0.037500
-1.170000e-02, -0.006250
-1.165000e-02, -0.006250
-1.160000e-02, -0.037500
-1.155000e-02, -0.006250
-1.150000e-02, -0.037500
-1.145000e-02, -0.037500
-1.140000e-02, -0.037500
-1.135000e-02, -0.006250
-1.130000e-02, -0.037500
-1.125000e-02, -0.037500
-1.120000e-02, -0.037500
-1.115000e-02, -0.006250
-1.110000e-02, -0.006250
-1.105000e-02, -0.037500
-1.100000e-02, -0.037500
-1.095000e-02, -0.037500
-1.090000e-02, -0.037500
-1.085000e-02, -0.037500
-1.080000e-02, -0.037500
-1.075000e-02, -0.037500
-1.070000e-02, -0.037500
-1.065000e-02, 0.025000
-1.060000e-02, -0.037500
-1.055000e-02, -0.037500
-1.050000e-02, -0.006250
-1.045000e-02, -0.037500
-1.040000e-02, -0.006250
-1.035000e-02, -0.006250
-1.030000e-02, -0.037500
-1.025000e-02, -0.006250
-1.020000e-02, -0.006250
-1.015000e-02, -0.006250
-1.010000e-02, -0.006250
-1.005000e-02, -0.006250
-1.000000e-02, -0.037500
-9.950000e-03, -0.037500
-9.900000e-03, -0.037500
-9.850000e-03, -0.006250
-9.800000e-03, -0.037500
-9.750000e-03, -0.006250
-9.700000e-03, -0.006250
-9.650000e-03, -0.037500
-9.600000e-03, -0.006250
-9.550000e-03, -0.037500
-9.500000e-03, -0.006250
-9.450000e-03, 0.025000
-9.400000e-03, -0.006250
-9.350000e-03, -0.037500
-9.300000e-03, -0.006250
-9.250000e-03, -0.006250
-9.200000e-03, -0.037500
-9.150000e-03, -0.006250
-9.100000e-03, -0.037500
-9.050000e-03, -0.037500
-9.000000e-03, -0.006250
-8.950000e-03, -0.037500
-8.900000e-03, -0.037500
-8.850000e-03, -0.006250
-8.800000e-03, -0.006250
-8.750000e-03, -0.037500
-8.700000e-03, -0.006250
-8.650000e-03, -0.037500
-8.600000e-03, -0.006250
-8.550000e-03, -0.037500
-8.500000e-03, -0.037500
-8.450000e-03, -0.006250
-8.400000e-03, -0.037500
-8.350000e-03, -0.037500
-8.300000e-03, -0.037500
-8.250000e-03, -0.037500
-8.200000e-03, -0.006250
-8.150000e-03, -0.037500
-8.100000e-03, -0.037500
-8.050000e-03, -0.006250
-8.000000e-03, -0.006250
-7.950000e-03, -0.006250
-7.900000e-03, -0.037500
-7.850000e-03, -0.006250
-7.800000e-03, -0.006250
-7.750000e-03, -0.037500
-7.700000e-03, -0.037500
-7.650000e-03, -0.037500
-7.600000e-03, -0.006250
-7.550000e-03, -0.037500
-7.500000e-03, -0.006250
-7.450000e-03, -0.006250
-7.400000e-03, -0.037500
-7.350000e-03, -0.006250
-7.300000e-03, -0.037500
-7.250000e-03, -0.037500
-7.200000e-03, -0.006250
-7.150000e-03, -0.006250
-7.100000e-03, -0.037500
-7.050000e-03, -0.006250
-7.000000e-03, -0.006250
-6.950000e-03, -0.037500
-6.900000e-03, -0.006250
-6.850000e-03, -0.037500
-6.800000e-03, -0.037500
-6.750000e-03, -0.037500
-6.700000e-03, -0.006250
-6.650000e-03, -0.006250
-6.600000e-03, -0.006250
-6.550000e-03, -0.006250
-6.500000e-03, -0.037500
-6.450000e-03, -0.037500
-6.400000e-03, -0.006250
-6.350000e-03, -0.006250
-6.300000e-03, -0.006250
-6.250000e-03, -0.037500
-6.200000e-03, -0.037500
-6.150000e-03, -0.006250
-6.100000e-03, -0.006250
-6.050000e-03, -0.037500
-6.000000e-03, -0.006250
-5.950000e-03, -0.068750
-5.900000e-03, -0.037500
-5.850000e-03, 0.025000
-5.800000e-03, -0.037500
-5.750000e-03, -0.006250
-5.700000e-03, -0.006250
-5.650000e-03, -0.037500
-5.600000e-03, -0.006250
-5.550000e-03, -0.068750
-5.500000e-03, -0.006250
-5.450000e-03, -0.037500
-5.400000e-03, -0.006250
-5.350000e-03, -0.006250
-5.300000e-03, -0.037500
-5.250000e-03, -0.037500
-5.200000e-03, -0.006250
-5.150000e-03, -0.037500
-5.100000e-03, -0.037500
-5.050000e-03, -0.006250
-5.000000e-03, -0.037500
-4.950000e-03, -0.037500
-4.900000e-03, -0.006250
-4.850000e-03, -0.006250
-4.800000e-03, -0.037500
-4.750000e-03, -0.006250
-4.700000e-03, -0.037500
-4.650000e-03, -0.006250
-4.600000e-03, -0.006250
-4.550000e-03, 0.025000
-4.500000e-03, -0.006250
-4.450000e-03, -0.006250
-4.400000e-03, -0.006250
-4.350000e-03, -0.006250
-4.300000e-03, -0.006250
-4.250000e-03, -0.006250
-4.200000e-03, -0.006250
-4.150000e-03, -0.037500
-4.100000e-03, -0.037500
-4.050000e-03, -0.068750
-4.000000e-03, -0.037500
-3.950000e-03, -0.037500
-3.900000e-03, -0.037500
-3.850000e-03, -0.006250
-3.800000e-03, -0.037500
-3.750000e-03, -0.068750
-3.700000e-03, -0.037500
-3.650000e-03, -0.037500
-3.600000e-03, -0.037500
-3.550000e-03, -0.100000
-3.500000e-03, -0.006250
-3.450000e-03, -0.006250
-3.400000e-03, -0.037500
-3.350000e-03, -0.037500
-3.300000e-03, -0.068750
-3.250000e-03, -0.006250
-3.200000e-03, -0.006250
-3.150000e-03, -0.037500
-3.100000e-03, -0.006250
-3.050000e-03, -0.006250
-3.000000e-03, -0.037500
-2.950000e-03, -0.037500
-2.900000e-03, -0.037500
-2.850000e-03, -0.006250
-2.800000e-03, -0.006250
-2.750000e-03, -0.068750
-2.700000e-03, -0.037500
-2.650000e-03, -0.037500
-2.600000e-03, -0.068750
-2.550000e-03, -0.037500
-2.500000e-03, -0.037500
-2.450000e-03, -0.037500
-2.400000e-03, -0.037500
-2.350000e-03, -0.037500
-2.300000e-03, -0.068750
-2.250000e-03, -0.006250
-2.200000e-03, -0.037500
-2.150000e-03, -0.037500
-2.100000e-03, -0.006250
-2.050000e-03, -0.037500
-2.000000e-03, -0.006250
-1.950000e-03, -0.006250
-1.900000e-03, -0.006250
-1.850000e-03, -0.006250
-1.800000e-03, -0.006250
-1.750000e-03, -0.037500
-1.700000e-03, -0.006250
-1.650000e-03, -0.037500
-1.600000e-03, -0.037500
-1.550000e-03, -0.006250
-1.500000e-03, -0.006250
-1.450000e-03, -0.006250
-1.400000e-03, -0.037500
-1.350000e-03, -0.037500
-1.300000e-03, -0.068750
-1.250000e-03, -0.037500
-1.200000e-03, -0.006250
-1.150000e-03, -0.037500
-1.100000e-03, -0.006250
-1.050000e-03, -0.006250
-1.000000e-03, -0.006250
-9.500000e-04, -0.006250
-9.000000e-04, -0.037500
-8.500000e-04, -0.037500
-8.000000e-04, -0.037500
-7.500000e-04, -0.006250
-7.000000e-04, -0.037500
-6.500000e-04, -0.006250
-6.000000e-04, -0.006250
-5.500000e-04, -0.037500
-5.000000e-04, -0.037500
-4.500000e-04, -0.006250
-4.000000e-04, -0.037500
-3.500000e-04, -0.006250
-3.000000e-04, -0.006250
-2.500000e-04, -0.006250
-2.000000e-04, -0.037500
-1.500000e-04, -0.006250
-1.000000e-04, -0.037500
-5.000000e-05, -0.006250
0.000000e+00, -0.006250
5.000000e-05, -0.006250
1.000000e-04, -0.037500
1.500000e-04, -0.037500
2.000000e-04, -0.037500
2.500000e-04, -0.037500
3.000000e-04, -0.006250
3.500000e-04, -0.006250
4.000000e-04, -0.037500
4.500000e-04, -0.006250
5.000000e-04, -0.037500
5.500000e-04, -0.006250
6.000000e-04, -0.037500
6.500000e-04, -0.037500
7.000000e-04, 0.025000
7.500000e-04, -0.006250
8.000000e-04, -0.037500
8.500000e-04, -0.037500
9.000000e-04, -0.006250
9.500000e-04, -0.006250
1.000000e-03, -0.006250
1.050000e-03, -0.037500
1.100000e-03, -0.006250
1.150000e-03, -0.006250
1.200000e-03, -0.037500
1.250000e-03, -0.006250
1.300000e-03, -0.037500
1.350000e-03, -0.006250
1.400000e-03, -0.006250
1.450000e-03, -0.006250
1.500000e-03, -0.037500
1.550000e-03, -0.006250
1.600000e-03, -0.068750
1.650000e-03, -0.037500
1.700000e-03, -0.037500
1.750000e-03, -0.037500
1.800000e-03, -0.006250
1.850000e-03, -0.068750
1.900000e-03, -0.006250
1.950000e-03, -0.006250
2.000000e-03, -0.006250
2.050000e-03, -0.037500
2.100000e-03, -0.006250
2.150000e-03, -0.037500
2.200000e-03, -0.006250
2.250000e-03, -0.006250
2.300000e-03, -0.006250
2.350000e-03, -0.006250
2.400000e-03, -0.006250
2.450000e-03, -0.006250
2.500000e-03, -0.006250
2.550000e-03, -0.037500
2.600000e-03, -0.037500
2.650000e-03, -0.006250
2.700000e-03, -0.037500
2.750000e-03, -0.037500
2.800000e-03, -0.037500
2.850000e-03, -0.037500
2.900000e-03, -0.006250
2.950000e-03, -0.006250
3.000000e-03, 0.025000
3.050000e-03, -0.037500
3.100000e-03, -0.006250
3.150000e-03, -0.068750
3.200000e-03, -0.037500
3.250000e-03, -0.006250
3.300000e-03, -0.037500
3.350000e-03, -0.006250
3.400000e-03, -0.006250
3.450000e-03, -0.037500
3.500000e-03, -0.068750
3.550000e-03, -0.006250
3.600000e-03, -0.006250
3.650000e-03, -0.006250
3.700000e-03, -0.037500
3.750000e-03, -0.037500
3.800000e-03, -0.006250
3.850000e-03, -0.037500
3.900000e-03, 0.025000
3.950000e-03, -0.006250
4.000000e-03, -0.037500
4.050000e-03, -0.037500
4.100000e-03, -0.006250
4.150000e-03, -0.006250
4.200000e-03, -0.037500
4.250000e-03, -0.006250
4.300000e-03, -0.037500
4.350000e-03, -0.068750
4.400000e-03, -0.037500
4.450000e-03, -0.006250
4.500000e-03, -0.006250
4.550000e-03, -0.037500
4.600000e-03, -0.037500
4.650000e-03, -0.037500
4.700000e-03, -0.006250
4.750000e-03, -0.037500
4.800000e-03, -0.037500
4.850000e-03, -0.068750
4.900000e-03, -0.006250
4.950000e-03, -0.006250
5.000000e-03, -0.037500
5.050000e-03, -0.006250
5.100000e-03, -0.037500
5.150000e-03, -0.006250
5.200000e-03, -0.006250
5.250000e-03, -0.006250
5.300000e-03, -0.006250
5.350000e-03, -0.068750
5.400000e-03, -0.006250
5.450000e-03, -0.037500
5.500000e-03, 0.025000
5.550000e-03, -0.006250
5.600000e-03, 0.025000
5.650000e-03, -0.006250
5.700000e-03, -0.006250
5.750000e-03, -0.037500
5.800000e-03, -0.006250
5.850000e-03, -0.037500
5.900000e-03, 0.025000
5.950000e-03, -0.037500
6.000000e-03, -0.037500
6.050000e-03, -0.006250
6.100000e-03, -0.037500
6.150000e-03, -0.037500
6.200000e-03, -0.037500
6.250000e-03, -0.037500
6.300000e-03, -0.006250
6.350000e-03, -0.006250
6.400000e-03, -0.037500
6.450000e-03, -0.006250
6.500000e-03, -0.037500
6.550000e-03, -0.006250
6.600000e-03, -0.037500
6.650000e-03, 0.025000
6.700000e-03, -0.037500
6.750000e-03, -0.037500
6.800000e-03, -0.037500
6.850000e-03, -0.037500
6.900000e-03, -0.037500
6.950000e-03, -0.037500
7.000000e-03, -0.006250
7.050000e-03, -0.037500
7.100000e-03, -0.037500
7.150000e-03, -0.037500
7.200000e-03, -0.037500
7.250000e-03, -0.037500
7.300000e-03, -0.037500
7.350000e-03, -0.006250
7.400000e-03, -0.006250
7.450000e-03, -0.006250
7.500000e-03, -0.006250
7.550000e-03, -0.037500
7.600000e-03, -0.006250
7.650000e-03, -0.037500
7.700000e-03, -0.037500
7.750000e-03, -0.006250
7.800000e-03, -0.006250
7.850000e-03, -0.006250
7.900000e-03, -0.006250
7.950000e-03, -0.037500
8.000000e-03, -0.006250
8.050000e-03, -0.037500
8.100000e-03, -0.006250
8.150000e-03, -0.037500
8.200000e-03, -0.006250
8.250000e-03, -0.006250
8.300000e-03, -0.068750
8.350000e-03, -0.006250
8.400000e-03, -0.006250
8.450000e-03, -0.006250
8.500000e-03, -0.037500
8.550000e-03, -0.006250
8.600000e-03, -0.037500
8.650000e-03, -0.037500
8.700000e-03, -0.006250
8.750000e-03, -0.037500
8.800000e-03, -0.006250
8.850000e-03, -0.006250
8.900000e-03, -0.006250
8.950000e-03, -0.037500
9.000000e-03, -0.037500
9.050000e-03, -0.037500
9.100000e-03, -0.037500
9.150000e-03, -0.037500
9.200000e-03, -0.006250
9.250000e-03, 0.025000
9.300000e-03, -0.068750
9.350000e-03, -0.006250
9.400000e-03, -0.068750
9.450000e-03, -0.006250
9.500000e-03, -0.006250
9.550000e-03, -0.006250
9.600000e-03, -0.037500
9.650000e-03, -0.037500
9.700000e-03, -0.006250
9.750000e-03, -0.037500
9.800000e-03, -0.006250
9.850000e-03, -0.006250
9.900000e-03, -0.006250
9.950000e-03, -0.037500
1.000000e-02, -0.068750
1.005000e-02, -0.037500
1.010000e-02, -0.037500
1.015000e-02, -0.006250
1.020000e-02, -0.037500
1.025000e-02, -0.037500
1.030000e-02, -0.037500
1.035000e-02, -0.006250
1.040000e-02, -0.037500
1.045000e-02, -0.006250
1.050000e-02, -0.037500
1.055000e-02, -0.037500
1.060000e-02, -0.006250
1.065000e-02, -0.037500
1.070000e-02, -0.037500
1.075000e-02, -0.006250
1.080000e-02, -0.006250
1.085000e-02, -0.006250
1.090000e-02, -0.006250
1.095000e-02, -0.006250
1.100000e-02, -0.037500
1.105000e-02, -0.006250
1.110000e-02, -0.037500
1.115000e-02, -0.006250
1.120000e-02, -0.037500
1.125000e-02, -0.037500
1.130000e-02, -0.006250
1.135000e-02, -0.037500
1.140000e-02, -0.037500
1.145000e-02, -0.006250
1.150000e-02, -0.037500
1.155000e-02, -0.006250
1.160000e-02, -0.068750
1.165000e-02, -0.006250
1.170000e-02, -0.006250
1.175000e-02, -0.006250
1.180000e-02, -0.006250
1.185000e-02, -0.037500
1.190000e-02, -0.006250
1.195000e-02, -0.037500
1.200000e-02, -0.068750
1.205000e-02, -0.037500
1.210000e-02, -0.006250
1.215000e-02, -0.037500
1.220000e-02, -0.006250
1.225000e-02, -0.037500
1.230000e-02, -0.037500
1.235000e-02, -0.068750
1.240000e-02, -0.006250
1.245000e-02, -0.006250
1.250000e-02, -0.037500
1.255000e-02, -0.006250
1.260000e-02, -0.006250
1.265000e-02, -0.037500
1.270000e-02, -0.037500
1.275000e-02, -0.006250
1.280000e-02, -0.037500
1.285000e-02, -0.037500
1.290000e-02, -0.006250
1.295000e-02, -0.037500
1.300000e-02, -0.006250
1.305000e-02, -0.006250
1.310000e-02, -0.068750
1.315000e-02, -0.037500
1.320000e-02, -0.006250
1.325000e-02, -0.037500
1.330000e-02, -0.037500
1.335000e-02, -0.037500
1.340000e-02, -0.006250
1.345000e-02, -0.006250
1.350000e-02, -0.006250
1.355000e-02, -0.006250
1.360000e-02, -0.037500
1.365000e-02, -0.006250
1.370000e-02, -0.037500
1.375000e-02, -0.006250
1.380000e-02, -0.037500
1.385000e-02, -0.006250
1.390000e-02, -0.006250
1.395000e-02, -0.037500
1.400000e-02, -0.037500
1.405000e-02, -0.006250
1.410000e-02, -0.006250
1.415000e-02, -0.068750
1.420000e-02, -0.037500
1.425000e-02, -0.037500
1.430000e-02, -0.006250
1.435000e-02, -0.006250
1.440000e-02, -0.006250
1.445000e-02, -0.006250
1.450000e-02, -0.006250
1.455000e-02, -0.006250
1.460000e-02, -0.037500
1.465000e-02, -0.037500
1.470000e-02, -0.006250
1.475000e-02, -0.006250
1.480000e-02, -0.068750
1.485000e-02, -0.037500
1.490000e-02, -0.006250
1.495000e-02, 0.025000
1.500000e-02, -0.037500
1.505000e-02, -0.037500
1.510000e-02, -0.037500
1.515000e-02, -0.037500
1.520000e-02, -0.037500
1.525000e-02, -0.037500
1.530000e-02, -0.006250
1.535000e-02, -0.037500
1.540000e-02, -0.037500
1.545000e-02, -0.037500
1.550000e-02, -0.037500
1.555000e-02, -0.006250
1.560000e-02, -0.006250
1.565000e-02, -0.037500
1.570000e-02, -0.037500
1.575000e-02, -0.006250
1.580000e-02, -0.006250
1.585000e-02, -0.006250
1.590000e-02, -0.006250
1.595000e-02, -0.037500
1.600000e-02, -0.037500
1.605000e-02, -0.006250
1.610000e-02, -0.006250
1.615000e-02, -0.037500
1.620000e-02, -0.037500
1.625000e-02, -0.006250
1.630000e-02, -0.037500
1.635000e-02, -0.006250
1.640000e-02, -0.068750
1.645000e-02, -0.037500
1.650000e-02, -0.037500
1.655000e-02, -0.006250
1.660000e-02, -0.006250
1.665000e-02, -0.006250
1.670000e-02, -0.068750
1.675000e-02, -0.006250
1.680000e-02, 0.025000
1.685000e-02, -0.006250
1.690000e-02, -0.037500
1.695000e-02, -0.068750
1.700000e-02, -0.037500
1.705000e-02, -0.037500
1.710000e-02, -0.037500
1.715000e-02, -0.006250
1.720000e-02, -0.006250
1.725000e-02, -0.006250
1.730000e-02, -0.006250
1.735000e-02, -0.006250
1.740000e-02, -0.037500
1.745000e-02, -0.037500
1.750000e-02, -0.068750
1.755000e-02, -0.068750
1.760000e-02, -0.037500
1.765000e-02, -0.068750
1.770000e-02, -0.037500
1.775000e-02, -0.006250
1.780000e-02, -0.006250
1.785000e-02, -0.006250
1.790000e-02, -0.037500
1.795000e-02, -0.068750
1.800000e-02, -0.037500
1.805000e-02, -0.006250
1.810000e-02, -0.037500
1.815000e-02, -0.006250
1.820000e-02, -0.037500
1.825000e-02, -0.006250
1.830000e-02, -0.068750
1.835000e-02, -0.037500
1.840000e-02, -0.006250
1.845000e-02, -0.068750
1.850000e-02, -0.006250
1.855000e-02, -0.006250
1.860000e-02, -0.037500
1.865000e-02, -0.068750
1.870000e-02, -0.006250
1.875000e-02, -0.068750
1.880000e-02, -0.037500
1.885000e-02, -0.037500
1.890000e-02, -0.006250
1.895000e-02, -0.037500
1.900000e-02, -0.006250
1.905000e-02, -0.037500
1.910000e-02, -0.037500
1.915000e-02, -0.006250
1.920000e-02, -0.006250
1.925000e-02, -0.006250
1.930000e-02, -0.006250
1.935000e-02, -0.006250
1.940000e-02, 0.025000
1.945000e-02, -0.006250
1.950000e-02, -0.037500
1.955000e-02, -0.006250
1.960000e-02, -0.037500
1.965000e-02, -0.006250
1.970000e-02, -0.068750
1.975000e-02, -0.037500
1.980000e-02, -0.037500
1.985000e-02, -0.037500
1.990000e-02, -0.037500
1.995000e-02, -0.037500
2.000000e-02, -0.006250
2.005000e-02, -0.006250
2.010000e-02, -0.037500
2.015000e-02, -0.006250
2.020000e-02, -0.006250
2.025000e-02, -0.006250
2.030000e-02, -0.006250
2.035000e-02, -0.006250
2.040000e-02, -0.006250
2.045000e-02, -0.006250
2.050000e-02, -0.037500
2.055000e-02, -0.006250
2.060000e-02, -0.006250
2.065000e-02, -0.037500
2.070000e-02, -0.006250
2.075000e-02, -0.037500
2.080000e-02, -0.006250
2.085000e-02, -0.037500
2.090000e-02, -0.006250
2.095000e-02, -0.006250
2.100000e-02, -0.037500
2.105000e-02, -0.068750
2.110000e-02, -0.006250
2.115000e-02, -0.006250
2.120000e-02, -0.006250
2.125000e-02, -0.037500
2.130000e-02, -0.006250
2.135000e-02, -0.006250
2.140000e-02, -0.006250
2.145000e-02, -0.006250
2.150000e-02, -0.037500
2.155000e-02, -0.006250
2.160000e-02, -0.037500
2.165000e-02, -0.037500
2.170000e-02, -0.037500
2.175000e-02, -0.037500
2.180000e-02, -0.006250
2.185000e-02, -0.068750
2.190000e-02, -0.037500
2.195000e-02, -0.006250
2.200000e-02, -0.006250
2.205000e-02, -0.037500
2.210000e-02, -0.006250
2.215000e-02, -0.006250
2.220000e-02, -0.006250
2.225000e-02, -0.037500
2.230000e-02, -0.006250
2.235000e-02, -0.037500
2.240000e-02, -0.037500
2.245000e-02, -0.006250
2.250000e-02, 0.025000
2.255000e-02, -0.006250
2.260000e-02, -0.037500
2.265000e-02, -0.037500
2.270000e-02, -0.037500
2.275000e-02, -0.006250
2.280000e-02, -0.006250
2.285000e-02, -0.006250
2.290000e-02, -0.037500
2.295000e-02, -0.006250
2.300000e-02, -0.037500
2.305000e-02, -0.037500
2.310000e-02, -0.006250
2.315000e-02, -0.068750
2.320000e-02, -0.006250
2.325000e-02, -0.037500
2.330000e-02, -0.037500
2.335000e-02, -0.006250
2.340000e-02, -0.037500
2.345000e-02, 0.025000
2.350000e-02, -0.037500
2.355000e-02, -0.037500
2.360000e-02, -0.037500
2.365000e-02, -0.006250
2.370000e-02, -0.037500
2.375000e-02, -0.006250
2.380000e-02, -0.006250
2.385000e-02, -0.068750
2.390000e-02, -0.037500
2.395000e-02, -0.006250
2.400000e-02, -0.037500
2.405000e-02, -0.006250
2.410000e-02, -0.006250
2.415000e-02, -0.037500
2.420000e-02, -0.006250
2.425000e-02, -0.006250
2.430000e-02, -0.006250
2.435000e-02, -0.037500
2.440000e-02, -0.037500
2.445000e-02, -0.037500
2.450000e-02, -0.068750
2.455000e-02, -0.006250
2.460000e-02, -0.037500
2.465000e-02, -0.037500
2.470000e-02, -0.037500
2.475000e-02, -0.037500
2.480000e-02, -0.037500
2.485000e-02, -0.006250
2.490000e-02, -0.006250
2.495000e-02, -0.037500
2.500000e-02, -0.006250
2.505000e-02, -0.006250
2.510000e-02, -0.037500
2.515000e-02, -0.037500
2.520000e-02, -0.037500
2.525000e-02, -0.068750
2.530000e-02, -0.006250
2.535000e-02, -0.037500
2.540000e-02, -0.068750
2.545000e-02, -0.006250
2.550000e-02, 0.025000
2.555000e-02, -0.037500
2.560000e-02, -0.006250
2.565000e-02, -0.006250
2.570000e-02, -0.006250
2.575000e-02, 0.025000
2.580000e-02, -0.068750
2.585000e-02, -0.006250
2.590000e-02, -0.006250
2.595000e-02, -0.006250
2.600000e-02, -0.037500
2.605000e-02, -0.006250
2.610000e-02, -0.006250
2.615000e-02, -0.006250
2.620000e-02, -0.006250
2.625000e-02, 0.025000
2.630000e-02, -0.037500
2.635000e-02, -0.006250
2.640000e-02, -0.006250
2.645000e-02, -0.006250
2.650000e-02, -0.037500
2.655000e-02, -0.006250
2.660000e-02, -0.006250
2.665000e-02, -0.037500
2.670000e-02, -0.068750
2.675000e-02, -0.037500
2.680000e-02, -0.068750
2.685000e-02, -0.006250
2.690000e-02, -0.006250
2.695000e-02, -0.006250
2.700000e-02, -0.037500
2.705000e-02, -0.006250
2.710000e-02, -0.037500
2.715000e-02, -0.037500
2.720000e-02, -0.006250
2.725000e-02, -0.006250
2.730000e-02, -0.037500
2.735000e-02, -0.006250
2.740000e-02, -0.037500
2.745000e-02, -0.037500
2.750000e-02, -0.037500
2.755000e-02, -0.037500
2.760000e-02, -0.006250
2.765000e-02, -0.006250
2.770000e-02, -0.006250
2.775000e-02, -0.037500
2.780000e-02, -0.006250
2.785000e-02, -0.037500
2.790000e-02, -0.037500
2.795000e-02, -0.037500
2.800000e-02, -0.006250
2.805000e-02, -0.006250
2.810000e-02, -0.006250
2.815000e-02, -0.037500
2.820000e-02, -0.006250
2.825000e-02, -0.006250
2.830000e-02, -0.006250
2.835000e-02, -0.037500
2.840000e-02, -0.006250
2.845000e-02, -0.006250
2.850000e-02, -0.006250
2.855000e-02, -0.068750
2.860000e-02, -0.037500
2.865000e-02, -0.006250
2.870000e-02, -0.006250
2.875000e-02, -0.006250
2.880000e-02, -0.006250
2.885000e-02, -0.037500
2.890000e-02, -0.037500
2.895000e-02, -0.006250
2.900000e-02, -0.006250
2.905000e-02, -0.037500
2.910000e-02, -0.006250
2.915000e-02, -0.037500
2.920000e-02, -0.037500
2.925000e-02, -0.037500
2.930000e-02, -0.037500
2.935000e-02, -0.006250
2.940000e-02, -0.037500
2.945000e-02, -0.037500
2.950000e-02, -0.006250
2.955000e-02, -0.037500
2.960000e-02, -0.006250
2.965000e-02, -0.037500
2.970000e-02, -0.037500
2.975000e-02, -0.006250
2.980000e-02, -0.006250
2.985000e-02, -0.006250
2.990000e-02, -0.037500
2.995000e-02, -0.006250
3.000000e-02, -0.037500
3.005000e-02, -0.037500
3.010000e-02, -0.037500
3.015000e-02, -0.006250
3.020000e-02, -0.037500
3.025000e-02, -0.037500
3.030000e-02, -0.037500
3.035000e-02, -0.037500
3.040000e-02, -0.006250
3.045000e-02, -0.006250
3.050000e-02, -0.006250
3.055000e-02, -0.006250
3.060000e-02, -0.037500
3.065000e-02, -0.068750
3.070000e-02, -0.006250
3.075000e-02, -0.037500
3.080000e-02, -0.037500
3.085000e-02, -0.037500
3.090000e-02, 0.025000
3.095000e-02, -0.006250
3.100000e-02, -0.037500
3.105000e-02, -0.006250
3.110000e-02, -0.037500
3.115000e-02, -0.037500
3.120000e-02, -0.006250
3.125000e-02, -0.006250
3.130000e-02, -0.006250
3.135000e-02, -0.006250
3.140000e-02, -0.006250
3.145000e-02, -0.037500
3.150000e-02, -0.006250
3.155000e-02, -0.037500
3.160000e-02, -0.006250
3.165000e-02, -0.006250
3.170000e-02, -0.037500
3.175000e-02, -0.037500
3.180000e-02, -0.037500
3.185000e-02, -0.068750
3.190000e-02, -0.037500
3.195000e-02, -0.037500
3.200000e-02, -0.006250
3.205000e-02, -0.006250
3.210000e-02, -0.037500
3.215000e-02, -0.006250
3.220000e-02, -0.037500
3.225000e-02, -0.006250
3.230000e-02, -0.006250
3.235000e-02, -0.006250
3.240000e-02, -0.037500
3.245000e-02, -0.006250
3.250000e-02, -0.068750
3.255000e-02, -0.037500
3.260000e-02, -0.006250
3.265000e-02, -0.006250
3.270000e-02, -0.006250
3.275000e-02, -0.037500
3.280000e-02, -0.006250
3.285000e-02, -0.006250
3.290000e-02, -0.037500
3.295000e-02, -0.037500
3.300000e-02, -0.037500
3.305000e-02, -0.037500
3.310000e-02, -0.006250
3.315000e-02, -0.037500
3.320000e-02, -0.068750
3.325000e-02, -0.006250
3.330000e-02, -0.006250
3.335000e-02, -0.006250
3.340000e-02, -0.006250
3.345000e-02, -0.037500
3.350000e-02, -0.006250
3.355000e-02, -0.037500
3.360000e-02, -0.037500
3.365000e-02, 0.025000
3.370000e-02, -0.006250
3.375000e-02, -0.006250
3.380000e-02, -0.006250
3.385000e-02, -0.006250
3.390000e-02, 0.025000
3.395000e-02, -0.006250
3.400000e-02, -0.037500
3.405000e-02, -0.006250
3.410000e-02, -0.006250
3.415000e-02, -0.037500
3.420000e-02, -0.037500
3.425000e-02, -0.037500
3.430000e-02, -0.006250
3.435000e-02, -0.037500
3.440000e-02, -0.037500
3.445000e-02, -0.068750
3.450000e-02, -0.037500
3.455000e-02, -0.006250
3.460000e-02, -0.006250
3.465000e-02, -0.006250
3.470000e-02, -0.006250
3.475000e-02, -0.037500
3.480000e-02, -0.037500
3.485000e-02, -0.006250
3.490000e-02, -0.006250
3.495000e-02, -0.006250
3.500000e-02, -0.037500
3.505000e-02, -0.006250
3.510000e-02, -0.006250
3.515000e-02, -0.006250
3.520000e-02, -0.006250
3.525000e-02, -0.006250
3.530000e-02, -0.037500
3.535000e-02, -0.006250
3.540000e-02, -0.006250
3.545000e-02, -0.068750
3.550000e-02, -0.037500
3.555000e-02, -0.037500
3.560000e-02, -0.037500
3.565000e-02, -0.006250
3.570000e-02, -0.037500
3.575000e-02, -0.068750
3.580000e-02, -0.006250
3.585000e-02, -0.006250
3.590000e-02, -0.006250
3.595000e-02, -0.037500
3.600000e-02, -0.037500
3.605000e-02, -0.068750
3.610000e-02, -0.006250
3.615000e-02, -0.037500
3.620000e-02, -0.037500
3.625000e-02, -0.037500
3.630000e-02, -0.037500
3.635000e-02, -0.037500
3.640000e-02, -0.037500
3.645000e-02, -0.006250
3.650000e-02, -0.037500
3.655000e-02, -0.037500
3.660000e-02, -0.037500
3.665000e-02, -0.006250
3.670000e-02, -0.006250
3.675000e-02, -0.037500
3.680000e-02, -0.100000
3.685000e-02, -0.006250
3.690000e-02, -0.006250
3.695000e-02, -0.068750
3.700000e-02, -0.037500
3.705000e-02, -0.037500
3.710000e-02, -0.006250
3.715000e-02, -0.037500
3.720000e-02, -0.006250
3.725000e-02, -0.006250
3.730000e-02, -0.037500
3.735000e-02, -0.006250
3.740000e-02, -0.037500
3.745000e-02, -0.006250
3.750000e-02, -0.037500
3.755000e-02, -0.006250
3.760000e-02, -0.037500
3.765000e-02, -0.006250
3.770000e-02, -0.037500
3.775000e-02, -0.037500
3.780000e-02, -0.037500
3.785000e-02, -0.006250
3.790000e-02, -0.006250
3.795000e-02, -0.006250
3.800000e-02, -0.006250
3.805000e-02, -0.006250
3.810000e-02, -0.037500
3.815000e-02, -0.006250
3.820000e-02, -0.037500
3.825000e-02, -0.006250
3.830000e-02, -0.037500
3.835000e-02, -0.037500
3.840000e-02, -0.006250
3.845000e-02, -0.006250
3.850000e-02, -0.037500
3.855000e-02, -0.006250
3.860000e-02, -0.037500
3.865000e-02, -0.037500
3.870000e-02, -0.037500
3.875000e-02, -0.006250
3.880000e-02, -0.006250
3.885000e-02, -0.006250
3.890000e-02, -0.037500
3.895000e-02, -0.068750
3.900000e-02, -0.006250
3.905000e-02, -0.006250
3.910000e-02, -0.006250
3.915000e-02, -0.037500
3.920000e-02, -0.006250
3.925000e-02, -0.068750
3.930000e-02, -0.006250
3.935000e-02, -0.006250
3.940000e-02, -0.037500
3.945000e-02, -0.037500
3.950000e-02, -0.037500
3.955000e-02, -0.037500
3.960000e-02, -0.006250
3.965000e-02, -0.068750
3.970000e-02, -0.006250
3.975000e-02, -0.037500
3.980000e-02, -0.006250
3.985000e-02, -0.037500
3.990000e-02, -0.068750
3.995000e-02, -0.068750
4.000000e-02, -0.006250
4.005000e-02, -0.006250
4.010000e-02, -0.037500
4.015000e-02, -0.037500
4.020000e-02, -0.006250
4.025000e-02, -0.037500
4.030000e-02, -0.037500
4.035000e-02, -0.006250
4.040000e-02, -0.068750
4.045000e-02, -0.037500
4.050000e-02, -0.006250
4.055000e-02, -0.006250
4.060000e-02, -0.037500
4.065000e-02, -0.068750
4.070000e-02, -0.037500
4.075000e-02, -0.037500
4.080000e-02, -0.006250
4.085000e-02, -0.068750
4.090000e-02, -0.037500
4.095000e-02, -0.037500
4.100000e-02, -0.006250
4.105000e-02, -0.037500
4.110000e-02, -0.037500
4.115000e-02, -0.006250
4.120000e-02, -0.006250
4.125000e-02, -0.006250
4.130000e-02, -0.037500
4.135000e-02, -0.037500
4.140000e-02, -0.006250
4.145000e-02, -0.006250
4.150000e-02, -0.037500
4.155000e-02, -0.006250
4.160000e-02, -0.006250
4.165000e-02, -0.037500
4.170000e-02, -0.037500
4.175000e-02, -0.006250
4.180000e-02, -0.037500
4.185000e-02, -0.037500
4.190000e-02, -0.037500
4.195000e-02, -0.037500
4.200000e-02, -0.037500
4.205000e-02, -0.006250
4.210000e-02, -0.006250
4.215000e-02, -0.006250
4.220000e-02, -0.037500
4.225000e-02, -0.006250
4.230000e-02, -0.037500
4.235000e-02, -0.006250
4.240000e-02, -0.006250
4.245000e-02, -0.037500
4.250000e-02, -0.037500
4.255000e-02, -0.006250
4.260000e-02, -0.006250
4.265000e-02, -0.037500
4.270000e-02, -0.037500
4.275000e-02, -0.037500
4.280000e-02, -0.037500
4.285000e-02, -0.037500
4.290000e-02, -0.006250
4.295000e-02, -0.006250
4.300000e-02, -0.006250
4.305000e-02, -0.006250
4.310000e-02, -0.006250
4.315000e-02, -0.006250
4.320000e-02, -0.006250
4.325000e-02, -0.006250
4.330000e-02, 0.025000
4.335000e-02, -0.037500
4.340000e-02, -0.006250
4.345000e-02, -0.037500
4.350000e-02, -0.006250
4.355000e-02, -0.037500
4.360000e-02, -0.006250
4.365000e-02, -0.006250
4.370000e-02, -0.006250
4.375000e-02, -0.006250
4.380000e-02, -0.006250
4.385000e-02, -0.006250
4.390000e-02, -0.006250
4.395000e-02, -0.006250
4.400000e-02, -0.006250
4.405000e-02, -0.068750
4.410000e-02, -0.037500
4.415000e-02, -0.037500
4.420000e-02, -0.006250
4.425000e-02, -0.006250
4.430000e-02, -0.006250
4.435000e-02, -0.006250
4.440000e-02, -0.037500
4.445000e-02, -0.006250
4.450000e-02, -0.037500
4.455000e-02, 0.025000
4.460000e-02, -0.037500
4.465000e-02, -0.037500
4.470000e-02, -0.006250
4.475000e-02, 0.025000
4.480000e-02, -0.006250
4.485000e-02, -0.006250
4.490000e-02, -0.006250
4.495000e-02, -0.006250
4.500000e-02, -0.037500
4.505000e-02, -0.037500
4.510000e-02, -0.037500
4.515000e-02, -0.006250
4.520000e-02, -0.037500
4.525000e-02, -0.037500
4.530000e-02, -0.037500
4.535000e-02, -0.006250
4.540000e-02, -0.037500
4.545000e-02, -0.068750
4.550000e-02, -0.037500
4.555000e-02, -0.037500
4.560000e-02, -0.006250
4.565000e-02, -0.037500
4.570000e-02, -0.037500
4.575000e-02, -0.006250
4.580000e-02, -0.037500
4.585000e-02, -0.037500
4.590000e-02, -0.037500
4.595000e-02, -0.006250
4.600000e-02, -0.006250
4.605000e-02, -0.037500
4.610000e-02, -0.037500
4.615000e-02, -0.037500
4.620000e-02, -0.006250
4.625000e-02, -0.006250
4.630000e-02, -0.006250
4.635000e-02, -0.068750
4.640000e-02, -0.037500
4.645000e-02, -0.068750
4.650000e-02, -0.006250
4.655000e-02, -0.006250
4.660000e-02, -0.037500
4.665000e-02, -0.037500
4.670000e-02, -0.037500
4.675000e-02, -0.006250
4.680000e-02, -0.006250
4.685000e-02, -0.037500
4.690000e-02, -0.006250
4.695000e-02, 0.025000
4.700000e-02, -0.006250
4.705000e-02, -0.037500
4.710000e-02, -0.006250
4.715000e-02, -0.037500
4.720000e-02, -0.068750
4.725000e-02, -0.006250
4.730000e-02, -0.037500
4.735000e-02, -0.037500
4.740000e-02, -0.037500
4.745000e-02, -0.006250
4.750000e-02, -0.068750
4.755000e-02, -0.006250
4.760000e-02, -0.037500
4.765000e-02, -0.006250
4.770000e-02, -0.068750
4.775000e-02, -0.006250
4.780000e-02, -0.006250
4.785000e-02, -0.037500
4.790000e-02, -0.037500
4.795000e-02, -0.068750
4.800000e-02, -0.037500
4.805000e-02, -0.006250
4.810000e-02, -0.037500
4.815000e-02, -0.006250
4.820000e-02, -0.037500
4.825000e-02, -0.068750
4.830000e-02, -0.006250
4.835000e-02, -0.037500
4.840000e-02, -0.006250
4.845000e-02, -0.037500
4.850000e-02, -0.037500
4.855000e-02, -0.037500
4.860000e-02, -0.037500
4.865000e-02, -0.037500
4.870000e-02, -0.006250
4.875000e-02, -0.006250
4.880000e-02, -0.037500
4.885000e-02, -0.037500
4.890000e-02, -0.006250
4.895000e-02, -0.006250
4.900000e-02, -0.037500
4.905000e-02, -0.037500
4.910000e-02, -0.037500
4.915000e-02, -0.037500
4.920000e-02, -0.006250
4.925000e-02, -0.037500
4.930000e-02, -0.037500
4.935000e-02, -0.006250
4.940000e-02, -0.037500
4.945000e-02, -0.037500
4.950000e-02, -0.037500
4.955000e-02, -0.037500
4.960000e-02, 0.025000
4.965000e-02, -0.006250
4.970000e-02, -0.068750
4.975000e-02, -0.006250
4.980000e-02, -0.006250
4.985000e-02, -0.037500
4.990000e-02, -0.006250
4.995000e-02, -0.037500
